27 51
1 1 1 1 1 1 1 1 1 1 1 1 1 1 1 1 1 1 1 1 1 1 1 1 1 1 1
45917418 17264757 4018624 21168708 11433907 7164731 11377167 2778965 3484464 7018333 3015151 14873015 2298686 3337350 9557034 4018126 3506844 9131966 3273223 7075179 1572864 845730 8602861 605759 4144571 881924 1777222
631 186 26 83 50 57 72 21 2 21 117 49 10 7 37 1 9 112 4 2 2 1 4 2 26 11 3
6 5 1
5 4 1
4 7 1
4 0 1
0 1 1
0 7 1
0 3 1
1 3 1
1 2 1
7 3 1
7 9 1
7 8 1
3 9 1
3 10 1
3 11 1
3 2 1
2 11 1
10 9 1
9 8 1
9 20 1
9 11 1
11 12 1
11 13 1
11 14 1
11 18 1
11 20 1
12 13 1
13 14 1
14 18 1
14 17 1
14 15 1
15 17 1
15 16 1
16 17 1
17 18 1
18 19 1
18 20 1
19 20 1
19 22 1
20 22 1
20 8 1
22 21 1
22 23 1
22 24 1
22 8 1
23 24 1
24 8 1
24 26 1
24 25 1
25 26 1
26 8 1
