27 51
1 1 1 1 1 1 1 1 1 1 1 1 1 1 1 1 1 1 1 1 1 1 1 1 1 1 1
45917999 17264943 4018650 21168791 11433957 7164788 11377239 2778986 3484466 7018354 3015268 14873064 2298696 3337357 9557071 4018127 3506853 9132078 3273227 7075181 1572866 845731 8602865 605761 4144547 881935 1777225
50 0 0 0 0 0 0 0 0 0 0 0 0 0 0 0 0 0 0 0 0 0 0 0 50 0 0
6 5 1
5 4 1
4 7 1
4 0 1
0 1 1
0 7 1
0 3 1
1 3 1
1 2 1
7 3 1
7 9 1
7 8 1
3 9 1
3 10 1
3 11 1
3 2 1
2 11 1
10 9 1
9 8 1
9 20 1
9 11 1
11 12 1
11 13 1
11 14 1
11 18 1
11 20 1
12 13 1
13 14 1
14 18 1
14 17 1
14 15 1
15 17 1
15 16 1
16 17 1
17 18 1
18 19 1
18 20 1
19 20 1
19 22 1
20 22 1
20 8 1
22 21 1
22 23 1
22 24 1
22 8 1
23 24 1
24 8 1
24 26 1
24 25 1
25 26 1
26 8 1
